197
869
348
450
415
154
272
991
958
893
345
342
707
426
887
42
533
71
775
258
102
308
502
443
89
353
664
951
544
849
468
63
665
363
103
365
824
198
554
606
887
902
645
336
725
267
987
415
652
921
971
96
239
286
319
507
783
279
425
902
857
869
11
863
686
728
843
529
581
812
204
963
378
138
385
921
528
191
52
810
393
631
396
3
762
4
803
986
831
389
607
949
892
768
991
862
813
782
973
720
248
6
184
469
998
49
57
410
461
69
785
310
352
498
310
356
481
627
189
46
326
569
410
815
285
933
128
780
117
250
330
772
593
225
387
202
697
237
491
477
754
450
902
323
906
678
734
627
429
693
890
651
996
517
836
123
379
64
333
498
636
391
440
437
412
677
700
418
524
458
849
944
950
490
275
621
292
210
879
691
477
141
279
496
603
44
951
324
280
518
415
994
537
509
399
74
48
500
727
108
943
56
190
942
450
952
629
174
691
820
756
930
986
763
29
381
96
274
719
860
960
742
165
255
630
200
662
72
578
193
243
621
464
122
811
634
708
120
289
552
391
489
728
403
691
261
295
681
527
132
520
28
470
223
666
693
932
180
953
293
512
482
841
95
26
670
755
412
545
171
304
385
840
833
29
989
884
857
627
599
371
58
886
914
7
463
152
802
604
149
738
636
118
421
300
963
787
660
16
966
298
985
580
215
514
514
482
521
10
205
706
1
127
313
47
958
193
738
768
993
931
255
605
726
683
865
54
782
863
817
50
401
694
421
974
757
785
938
525
33
54
350
520
758
908
438
616
57
213
410
769
446
510
65
13
941
577
651
837
847
260
488
936
206
537
103
322
272
967
867
30
653
535
839
195
303
922
370
659
718
775
743
771
571
985
900
497
770
734
296
418
670
145
987
820
767
348
698
981
890
36
893
708
334
507
473
365
630
318
895
329
427
243
376
8
610
483
706
399
473
219
92
520
159
348
617
677
597
206
325
913
342
951
749
664
538
879
674
663
254
341
377
671
567
825
883
307
632
267
654
891
994
250
496
869
444
846
11
408
141
535
896
14
493
123
772
409
356
179
614
542
885
729
220
508
403
309
458
368
610
680
596
332
375
891
466
68
768
837
859
536
517
47
140
833
555
673
643
707
808
316
318
412
728
675
133
901
254
10
803
939
164
141
523
642
129
67
154
399
590
726
880
996
51
251
9
798
396
414
973
855
702
275
95
853
439
419
580
192
712
281
714
528
420
560
147
167
583
934
910
183
998
941
47
31
492
762
588
944
387
450
229
642
405
955
230
613
759
158
688
126
699
620
488
959
718
338
394
45
3
157
124
744
678
987
119
949
494
281
633
964
695
438
132
864
629
712
684
565
420
923
41
13
492
559
909
750
450
493
756
406
360
318
926
693
592
76
723
776
915
316
652
641
307
10
571
622
142
189
75
943
392
466
442
501
821
414
364
547
55
230
730
460
760
661
735
791
15
451
129
921
874
181
725
286
577
256
472
667
135
583
289
6
590
238
21
17
317
453
79
99
781
3
161
452
649
201
879
497
260
890
467
643
841
273
192
797
451
769
948
363
404
202
144
19
555
896
489
598
181
749
527
758
126
819
897
549
55
1000
231
460
712
388
702
437
504
825
533
986
680
16
901
325
72
765
619
198
179
651
767
639
613
988
19
118
614
847
142
50
833
874
73
255
607
507
802
807
466
858
273
697
68
260
816
454
326
334
259
773
993
497
250
85
640
257
200
690
866
246
216
758
691
964
266
28
700
14
218
852
963
203
597
462
531
62
315
660
936
390
645
165
912
945
772
302
101
493
457
123
642
736
848
595
858
573
19
419
205
299
133
32
750
195
589
862
496
667
317
36
202
888
858
579
341
369
534
998
106
78
345
605
191
888
10
98
558
987
400
215
902
911
77
52
418
439
499
14
335
871
644
484
325
81
98
276
566
578
869
397
958
519
68
256
848
572
503
816
377
367
936
14
766
368
277
809
805
15
586
33
712
818
296
551
22
657
771
289
135
609
644
532
29
507
870
420
48
943
315
285
942
115
500
839
41
590
327
991
293
179
127
609
547
692
730
432
673
222
818
145
514
953
687
578
798
787
35
526
990
581
212
856
944
167
62
731
122
799
101
920
283
327
815
145
192
59
350
972
219
248
975
632
9
273
163
474
522
575
912
906
852
443
95
384
646
483
431
847
636
834
860
545
428
475
698
191
529
934
386
121
589
694
759
858
818
685
833
981
344
53
223
77
4
887
30
110
560
705
707
893
976
